title,link
نسخهٔ آماده شده به همت مرکز تحقیقات رایانه‌ای حوزه علمیه اصفهان,https://ganjoor.net/https://chekameh.net/poet/77
دیوان اشعار,https://ganjoor.net//emami/divan
