title,link
قصاید و قطعات,https://ganjoor.net//roodaki/baghimande/
رباعیات,https://ganjoor.net//roodaki/robaeer/
مثنوی‌ها,https://ganjoor.net//roodaki/masnaviha/
ابیات پراکنده,https://ganjoor.net//roodaki/parakande/
